$ANSIBLE_VAULT;1.1;AES256
61626338333561373139333736343635326561383664646438663664373965396366613466383664
3834646531366139303735366237626437656432346564300a303964353539373338663165653063
36303232336130366139333634386237613662613564323133316232373231323838376632666565
3134623264653637300a656230633134656662626431386565393136373661636664303936633764
34313463646165386664373861613166373834393634666538313731626339633162646236663132
63656561303231633664323161353039633234613937653434613262313538653536613061326464
31313437306365636432376664616666393566323935386561653234643735623064663565346532
62363134306261363638346133613236393263353335663463353033616163346237303537613665
64656663333261636630393238636565666238383362366161313666323337666335653337633365
37326362643736663836393063666230333662336138623032316366616265313337663263356265
38343961663765623631343261613633653933383963663031393131313537646434346563316464
61666437613138623762633439353732633039663532396534626263633865646432626432383237
64623834306635633337656561333762656264663133373564343364343564306537353566633361
61366332363839373438623433643962383137336130333131383639306332396662383666333631
39353430383039616239346266303136663434313431353266303033323431393635363664393265
65363230313065316462633436343933366163613835353463333365316336646332623963323161
63366438666566333337383131666231363266363937316666333630646132663037326531336164
39366637346536343530666231383431376137316361626638303365323734663630313837373461
65666464336432326434363765376439613565353061386331623862353266386533326639613865
39363865623130386364663962646661633237343533616439356164396266386439643631643438
34663463376237363865653461316630393136613637343536356638393336366564653932656462
62623864373363323965633231666633303132343335636436386463376663396135333332316536
39613961623930376431376435613432613530663632386431346533666166333834616236633731
35623338663037643332633035393030386361666163343034643562636334313639373562626334
61366137646665663531613439323837326463323938346666626665333161336361656338646637
39626537653966393965613933333235363066303762333934633931623762643266303530353233
31363262616339653239326531373232633335383563353236363839366331353964393932353532
32323062326563643033373661303239666163623561646438633264383630326365663864393862
35346563373039623132623763323634363633336466333430386338323534636166333233626433
33616362613366316136613165313339356137363865326461666130323237396665383765393734
30313932663365343330383339303533303536303031653535323533363435363935656537353537
30653430366163346561376339666165363262656631383333376665353761316134663930633437
38616431666463303562373536616535353163343465373934326564306233313531313964666232
32643963613130656662376162613237326463393434323334633164386463643661643033373637
63643136653335633666303065346236633961643063643134633735353038366264323231666137
31636539663535323034633134623961613062326439643237333635633163356464656339356332
31633034653131323738333462623239343763376133353762316236356433336630336230623766
37326138306465623639316530386163363739313733353735666531656133313636626234366137
39303134346530396437383336646165336464366162303261653262616532663366363632663332
62353365653463383233633431396336333433626637343839646632663766633934306136303337
32663331393334323731356366646265346534376533373032306232353561383961376132386465
62393266306231396262613935383232626562343861366430353664636539613031356466636261
35343863613564636636343733643130643166633035653931616133353639626536636365383435
62643635646236386431386665386366653266643439333631626463306362353864626637333133
39323035643734636337653363636331373839326361306330396266363036613363646334316433
37326235383436646235326364356334313161656134623439353265393261653135633762633464
30636439363435353036396639356233303733306361363765363631666266333231363038383332
65353465366334616665316435383437663337363739326463663837363761316432373031383764
34366162346132366565623062396632646466663634376133353131346233633738346331366533
38396438353034376539323532383433336163376433383866306337626532303437356134326330
39316335353334393963666237336236393436333763666664346430303139343031626262623063
30323865343963313466333937643366356333303766313531303064323536383163396562633363
33653362643836383730333937643938366637323531346661373534616664363436346337626531
65326138613830393437346433323231363439653761303430613735366165353165383761636662
39643961363466333365613964376336333933633136653737333538376135303135323366346365
33333934323263623231386265333631333436333537366230336565666638356532393665623864
35656232393537303531366463313264306337626136623835373332383636356135333738383866
35346339656536333132653430626536373831643965313631366430623337626362313738346364
32343238383437616131666333633061323035613739383338656366316536353463653135643135
31383133333965303163636236313936373637383165633730333465663638326564313965636537
39366137353239373134313831343733336330306636396565646436623533613832396364316139
30613462396130653864393735396633633431323337393061356566393530333066346663316266
34333433346432616365306162343032306332363135363032313736356431653137613964313230
38316230313637646431393137636664353038396231306535666361333261613266333933333439
30363066663234656164613636306638316234303731653365346531653931636165333537316463
30633232343862386464313030383266306237306430303131626639393766626363336335383066
63396666366439633739366561363331613465303161356465623666373635613435383038613936
61376231323037623032616266326363343965323238363537323039386639626635323830353437
63303030666666643738373233643961303033393139616265356235656334313336653766386438
31346134616165613738376434333337343664376333656136303064353837613666363232663862
31616536333666626266333661326461303431613439363266383535656437643361316563633862
63373439376566333662303730643666366439373535383237643434366339356433666339383863
36613165323065383830356565303162386232623938653264336535336438313666616262363336
64653034343338396361313463313063343664316466663765316139353738383739363933386139
35313165643130626563366265383433326163363330623262383165663936393435373962646435
65343237663532643564346237363162613565343036346265303936613937306166656232363335
64306130373066343166383164343035333861343532616664333965353533633466623161373431
37663161356331343430326663336363356133366333393735393166386163373536626164643066
36633734643438316534333933386532396435626233323964636333643862363737396266303633
62316534623630633962626134363430636434646631356133623263353763303230313535303838
38386335306561633139323263363737316538633733323639306163386665383962396436626138
37366238313037663733353136666130646239633164333362633664356130356366623065653539
36636363623566346632353766653530663132383563393737363565373233383239333233346630
62666232643232323262643465373436633132326632363663393237656132613730373132343334
31613861643734313265656365383963346265346332306664636535633635356562343964663735
38313533303932353030663034636564396662356361616331656162333833386331333939356133
61613339663862623161663463613039303332636333626434626564393161633164396639343038
30346637373661373565336133333262613063386138333364373233663664613331616364353034
62653161633334636338383336356430636263626337326461656665316638306334396534633766
30633933633630653033383337373031643464666365333337373035643139343539326331656335
36316266653763356234626437336530393230393636646135326562323466306636626139343837
61343736356434656663363630313666366635313064323163386632653137386365626165383634
38343839303930353935313835336363393462343231343462633833646362373163666535343238
61363638383132613937326433326533613762396162396266343563303866623863363537346433
39646336393238636233373761393462623138313533643961656333373638666633613136386539
66396261313636303033643762326535313233663863373432656137393964373033326166663831
33333933666266353064333666383737396635336262613237363130373035623433616131313061
34643464636133366432383131316566346134666234393033323339353732366134333663376137
36366432376564656464303230393430316330613833616539356631663666323563306631373434
61363736353838633931306132323436656633386130306235623638643661656562613266356266
33336236656437616435323161623131326534613434643266363532613731336366633262643339
35616363363635646132613463306661613534393336326634343031646562623562353834373966
34393137353430396161363861633134653039623035383535396437393335303237316664646533
39653463323538343866326639336164626564346234363837623532323833396531383363373732
61616335616136303835353238666463373864346563363262656131303832323966376334653335
61313666313937356464663838366235363239323130323938333737653866353135396561623039
66353066313162326133653537656665653430666332346464303533363265656638333964333763
38393330336230326432326563343565383930333665623365313663353062393238666235626164
33386132396139303538386638323633623866363334326464616366613463663338646230636161
65303534373965363264333064336466386634353865643561356564656537333934383365346330
38636339613865313431386164366433663163386137323738326466663166643364626466383630
35623962313538333232323033643564303332373832356162336463376135333637366333363531
64666237326164326235666435633263366239383563666361393363623461303035666533316330
34626463393237653838326435303738306633666139366231383264343965313532356638353266
32626534383063363637376633666632646433353632636632653766356535353030656330623832
35343163343862393933313339633732643834633166313966346661646562323236646265613266
34326665646530373030626332396262353936363938303538303866393664363939393262303161
66313732633266383533353934363230396337663635363365646365656533613664363665313864
36303031356165383763663534323132323737646133326334333539353532326431373262306564
33333338343266376563353865623038396633333738653265303030383361613937373830616436
31373132663332393733363564333639313161636433666535326266353933366534653731613733
64383061353332653864623064323361633330326465663030646634303665643030343363323463
36383865373438656261383336386561633130336562306365616131306331666463653363356663
64613733326639653339623135303539643033376439646463383833653735633336623433393435
32343666636237393339396337393330653935646235643737353538333264326565323135326632
66636462343335326130646239336137626533376364386136663863366434663737343662616334
63356139646638383832303036663634363430313235353532323833393562333265386663386262
30313763653435336231353136353763376130396535613865343135663639363537373337316130
62303164636130623830376633656662366135653564613866633964333539333936363538653461
38626135383062393737303431336465396631626231306435643463636639636239653862356431
61363166333262633134623433666364356232316639643330613330663434653835323365653333
62336532323232313432666339343438356161613262663533306563633734666330393364303335
38393130663561666337636138353735653362646666663663306338313265306465623438626333
6330626364656431633531303565343832663133613161333961
